8 5 7
81 51 1 21 5
21 0 5 1 22
1 8 2 1 2
4 1 84 0 1
3 5 6 7 614
1 15 3 4 02
47 -4 -8 5 1
0 -5 8 151 0
148 0 850 4 2 0 8
-1 156 51 -7 -1 -8 1
-8 -47 2 9 1 0 4
0 0 1 1 8 5 -4
-100 8 8 17 87 48 -8

Resultado esperado:
 11429   7949  71514     82    715    -63    579
   868    -59  18037    504   1969   1061      8
   -76   1170   1279      1    178     37      4
  -181  -3784   3627    782    178     40    361
-61009   5410   7736  10476  53481  29467  -4887
   -91   2215   1641    -36    196     -4      3
  6924   -240  39743    166    217    105    312
   -59  -1156    -88    258   1221    795   -577